1000
16866
61 93 0.0664
988 991 0.06469
991 988 0.06469
985 987 0.0377
987 985 0.0377
984 989 0.06158
989 984 0.06158
982 998 0.05808
998 982 0.05808
980 994 0.05028
994 980 0.05028
978 993 0.05575
993 978 0.05575
976 979 0.0259
979 976 0.0259
975 999 0.06373
999 975 0.06373
974 985 0.06512
985 974 0.06512
974 987 0.07181
987 974 0.07181
974 996 0.06798
996 974 0.06798
972 986 0.04048
986 972 0.04048
970 971 0.06807
971 970 0.06807
967 969 0.06213
969 967 0.06213
967 996 0.04364
996 967 0.04364
964 969 0.0697
969 964 0.0697
962 968 0.0744
968 962 0.0744
962 992 0.03901
992 962 0.03901
957 1000 0.06462
1000 957 0.06462
953 995 0.02873
995 953 0.02873
949 988 0.01489
988 949 0.01489
948 960 0.07469
960 948 0.07469
948 975 0.0658
975 948 0.0658
948 999 0.03188
999 948 0.03188
947 991 0.01906
991 947 0.01906
945 948 0.03825
948 945 0.03825
945 975 0.02764
975 945 0.02764
945 999 0.04288
999 945 0.04288
944 946 0.02586
946 944 0.02586
943 980 0.01027
980 943 0.01027
943 994 0.04583
994 943 0.04583
939 962 0.07417
962 939 0.07417
939 992 0.03525
992 939 0.03525
937 966 0.04994
966 937 0.04994
936 944 0.01266
944 936 0.01266
936 946 0.03619
946 936 0.03619
934 945 0.02367
945 934 0.02367
934 948 0.02216
948 934 0.02216
934 975 0.04848
975 934 0.04848
934 999 0.02065
999 934 0.02065
933 935 0.02981
935 933 0.02981
932 946 0.07309
946 932 0.07309
932 959 0.06016
959 932 0.06016
931 997 0.06125
997 931 0.06125
930 950 0.06134
950 930 0.06134
930 983 0.03239
983 930 0.03239
929 989 0.06494
989 929 0.06494
928 947 0.06891
947 928 0.06891
927 995 0.06692
995 927 0.06692
926 961 0.01951
961 926 0.01951
925 976 0.05714
976 925 0.05714
925 979 0.05258
979 925 0.05258
924 947 0.04998
947 924 0.04998
924 970 0.06
970 924 0.06
924 988 0.06068
988 924 0.06068
924 991 0.03152
991 924 0.03152
923 982 0.0269
982 923 0.0269
923 998 0.03288
998 923 0.03288
922 990 0.02107
990 922 0.02107
920 930 0.06636
930 920 0.06636
920 950 0.05455
950 920 0.05455
920 983 0.06103
983 920 0.06103
919 928 0.03727
928 919 0.03727
919 953 0.05446
953 919 0.05446
919 995 0.0386
995 919 0.0386
917 951 0.05051
951 917 0.05051
915 929 0.05594
929 915 0.05594
915 984 0.05423
984 915 0.05423
915 989 0.0241
989 915 0.0241
914 934 0.07346
934 914 0.07346
914 945 0.05709
945 914 0.05709
914 948 0.07063
948 914 0.07063
914 975 0.06458
975 914 0.06458
913 932 0.03287
932 913 0.03287
913 946 0.06818
946 913 0.06818
913 959 0.07395
959 913 0.07395
913 998 0.0527
998 913 0.0527
912 926 0.02444
926 912 0.02444
912 961 0.02365
961 912 0.02365
911 977 0.01405
977 911 0.01405
910 967 0.02532
967 910 0.02532
910 969 0.04773
969 910 0.04773
910 996 0.04005
996 910 0.04005
909 989 0.06062
989 909 0.06062
908 935 0.0712
935 908 0.0712
908 982 0.05675
982 908 0.05675
907 920 0.05184
920 907 0.05184
907 930 0.03396
930 907 0.03396
907 950 0.02738
950 907 0.02738
907 983 0.05651
983 907 0.05651
906 940 0.0703
940 906 0.0703
905 924 0.06418
924 905 0.06418
905 947 0.05884
947 905 0.05884
905 949 0.03987
949 905 0.03987
905 988 0.03137
988 905 0.03137
905 991 0.05213
991 905 0.05213
903 929 0.05429
929 903 0.05429
902 920 0.05007
920 902 0.05007
902 955 0.06697
955 902 0.06697
901 941 0.07163
941 901 0.07163
900 910 0.03701
910 900 0.03701
900 967 0.02545
967 900 0.02545
900 985 0.06417
985 900 0.06417
900 996 0.02462
996 900 0.02462
899 918 0.0511
918 899 0.0511
899 965 0.06846
965 899 0.06846
898 914 0.03854
914 898 0.03854
898 934 0.0384
934 898 0.0384
898 945 0.03211
945 898 0.03211
898 948 0.03209
948 898 0.03209
898 975 0.05477
975 898 0.05477
898 999 0.05756
999 898 0.05756
897 984 0.05029
984 897 0.05029
896 898 0.04983
898 896 0.04983
896 914 0.0451
914 896 0.0451
896 948 0.07137
948 896 0.07137
895 966 0.04964
966 895 0.04964
893 978 0.03879
978 893 0.03879
892 953 0.06905
953 892 0.06905
891 908 0.03488
908 891 0.03488
891 960 0.05917
960 891 0.05917
890 931 0.05244
931 890 0.05244
890 997 0.05049
997 890 0.05049
889 891 0.06937
891 889 0.06937
889 960 0.02389
960 889 0.02389
888 893 0.04066
893 888 0.04066
888 899 0.04044
899 888 0.04044
888 918 0.05621
918 888 0.05621
888 965 0.05971
965 888 0.05971
887 895 0.02442
895 887 0.02442
887 966 0.0626
966 887 0.0626
886 937 0.07391
937 886 0.07391
886 938 0.07184
938 886 0.07184
885 912 0.04981
912 885 0.04981
885 926 0.02827
926 885 0.02827
885 961 0.04662
961 885 0.04662
884 892 0.07287
892 884 0.07287
884 912 0.02857
912 884 0.02857
884 926 0.05264
926 884 0.05264
884 961 0.04495
961 884 0.04495
883 896 0.03114
896 883 0.03114
883 898 0.04636
898 883 0.04636
883 914 0.01806
914 883 0.01806
883 945 0.07128
945 883 0.07128
882 924 0.0372
924 882 0.0372
882 970 0.02309
970 882 0.02309
882 988 0.06648
988 882 0.06648
882 991 0.06809
991 882 0.06809
880 942 0.04723
942 880 0.04723
879 921 0.04201
921 879 0.04201
879 923 0.05067
923 879 0.05067
879 982 0.04148
982 879 0.04148
879 998 0.06394
998 879 0.06394
878 883 0.03345
883 878 0.03345
878 896 0.01697
896 878 0.01697
878 898 0.0648
898 878 0.0648
878 914 0.05089
914 878 0.05089
877 901 0.06325
901 877 0.06325
877 941 0.06158
941 877 0.06158
876 957 0.04668
957 876 0.04668
876 965 0.04964
965 876 0.04964
875 887 0.03409
887 875 0.03409
875 895 0.04498
895 875 0.04498
875 906 0.05611
906 875 0.05611
874 983 0.05854
983 874 0.05854
873 971 0.04155
971 873 0.04155
872 963 0.07477
963 872 0.07477
871 907 0.05748
907 871 0.05748
871 930 0.03841
930 871 0.03841
871 983 0.06619
983 871 0.06619
870 910 0.05309
910 870 0.05309
870 922 0.069
922 870 0.069
870 969 0.07101
969 870 0.07101
870 996 0.05908
996 870 0.05908
869 941 0.0314
941 869 0.0314
868 986 0.06177
986 868 0.06177
867 925 0.04869
925 867 0.04869
867 976 0.02406
976 867 0.02406
867 979 0.00436
979 867 0.00436
866 917 0.03303
917 866 0.03303
866 951 0.04448
951 866 0.04448
865 906 0.07312
906 865 0.07312
864 877 0.06491
877 864 0.06491
863 968 0.029
968 863 0.029
862 975 0.07324
975 862 0.07324
861 891 0.07415
891 861 0.07415
861 908 0.06759
908 861 0.06759
861 933 0.03411
933 861 0.03411
861 935 0.00536
935 861 0.00536
860 872 0.0389
872 860 0.0389
860 892 0.06291
892 860 0.06291
859 893 0.04445
893 859 0.04445
859 978 0.02819
978 859 0.02819
859 993 0.05661
993 859 0.05661
858 909 0.06021
909 858 0.06021
857 876 0.05754
876 857 0.05754
857 954 0.06917
954 857 0.06917
857 957 0.06463
957 857 0.06463
857 965 0.06773
965 857 0.06773
856 884 0.07222
884 856 0.07222
856 885 0.06073
885 856 0.06073
856 912 0.059
912 856 0.059
856 926 0.06299
926 856 0.06299
856 927 0.0475
927 856 0.0475
855 890 0.07398
890 855 0.07398
855 925 0.07065
925 855 0.07065
854 878 0.05421
878 854 0.05421
854 896 0.07042
896 854 0.07042
854 921 0.041
921 854 0.041
853 902 0.02406
902 853 0.02406
853 920 0.07154
920 853 0.07154
853 955 0.05513
955 853 0.05513
852 911 0.03506
911 852 0.03506
852 922 0.07023
922 852 0.07023
852 977 0.04478
977 852 0.04478
852 990 0.0509
990 852 0.0509
851 853 0.04171
853 851 0.04171
851 902 0.04185
902 851 0.04185
851 920 0.05604
920 851 0.05604
851 950 0.06845
950 851 0.06845
851 955 0.03218
955 851 0.03218
850 952 0.06972
952 850 0.06972
849 894 0.07471
894 849 0.07471
847 924 0.06974
924 847 0.06974
847 947 0.0584
947 847 0.0584
847 991 0.06177
991 847 0.06177
846 862 0.06191
862 846 0.06191
846 916 0.0193
916 846 0.0193
845 867 0.03424
867 845 0.03424
845 925 0.04632
925 845 0.04632
845 976 0.05768
976 845 0.05768
845 979 0.03427
979 845 0.03427
844 864 0.04521
864 844 0.04521
844 877 0.02672
877 844 0.02672
842 931 0.04375
931 842 0.04375
842 997 0.04736
997 842 0.04736
841 856 0.04726
856 841 0.04726
841 884 0.02672
884 841 0.02672
841 885 0.0708
885 841 0.0708
841 892 0.07247
892 841 0.07247
841 912 0.03118
912 841 0.03118
841 926 0.05243
926 841 0.05243
841 927 0.06027
927 841 0.06027
841 961 0.05467
961 841 0.05467
840 900 0.06224
900 840 0.06224
840 974 0.05214
974 840 0.05214
840 985 0.01299
985 840 0.01299
840 987 0.03806
987 840 0.03806
840 996 0.0714
996 840 0.0714
839 881 0.05879
881 839 0.05879
839 904 0.05996
904 839 0.05996
838 890 0.0713
890 838 0.0713
838 962 0.07242
962 838 0.07242
838 997 0.04234
997 838 0.04234
837 840 0.06119
840 837 0.06119
837 985 0.05859
985 837 0.05859
837 987 0.0237
987 837 0.0237
836 863 0.05968
863 836 0.05968
836 968 0.06296
968 836 0.06296
834 889 0.02748
889 834 0.02748
834 891 0.04744
891 834 0.04744
834 908 0.07495
908 834 0.07495
834 960 0.01202
960 834 0.01202
833 843 0.02813
843 833 0.02813
833 976 0.07243
976 833 0.07243
832 852 0.06697
852 832 0.06697
832 911 0.03604
911 832 0.03604
832 977 0.02274
977 832 0.02274
831 875 0.02388
875 831 0.02388
831 887 0.05615
887 831 0.05615
831 895 0.06883
895 831 0.06883
831 906 0.04209
906 831 0.04209
830 838 0.06878
838 830 0.06878
830 842 0.02245
842 830 0.02245
830 890 0.07328
890 830 0.07328
830 931 0.05822
931 830 0.05822
830 997 0.03179
997 830 0.03179
829 956 0.03996
956 829 0.03996
828 855 0.03016
855 828 0.03016
828 890 0.07252
890 828 0.07252
826 906 0.04301
906 826 0.04301
826 940 0.0515
940 826 0.0515
826 954 0.06519
954 826 0.06519
825 851 0.05174
851 825 0.05174
825 853 0.03845
853 825 0.03845
825 902 0.01483
902 825 0.01483
825 920 0.04214
920 825 0.04214
824 844 0.06075
844 824 0.06075
824 864 0.06523
864 824 0.06523
824 877 0.04935
877 824 0.04935
824 901 0.02344
901 824 0.02344
823 880 0.05936
880 823 0.05936
823 942 0.01505
942 823 0.01505
822 875 0.0536
875 822 0.0536
822 887 0.03636
887 822 0.03636
822 895 0.01194
895 822 0.01194
822 966 0.04684
966 822 0.04684
821 913 0.06077
913 821 0.06077
821 932 0.02799
932 821 0.02799
821 959 0.06404
959 821 0.06404
820 882 0.06534
882 820 0.06534
820 905 0.03021
905 820 0.03021
820 924 0.03646
924 820 0.03646
820 947 0.03616
947 820 0.03616
820 949 0.05648
949 820 0.05648
820 988 0.04227
988 820 0.04227
820 991 0.02339
991 820 0.02339
819 860 0.06296
860 819 0.06296
819 872 0.04344
872 819 0.04344
819 963 0.03215
963 819 0.03215
818 913 0.03353
913 818 0.03353
818 932 0.05626
932 818 0.05626
818 936 0.07028
936 818 0.07028
818 944 0.06469
944 818 0.06469
818 946 0.04295
946 818 0.04295
818 998 0.06258
998 818 0.06258
817 847 0.04014
847 817 0.04014
817 919 0.0448
919 817 0.0448
817 928 0.06032
928 817 0.06032
817 947 0.07065
947 817 0.07065
817 953 0.05008
953 817 0.05008
817 995 0.05911
995 817 0.05911
816 903 0.06735
903 816 0.06735
816 981 0.05106
981 816 0.05106
815 823 0.04567
823 815 0.04567
815 942 0.06063
942 815 0.06063
815 964 0.06589
964 815 0.06589
814 869 0.06315
869 814 0.06315
813 832 0.0197
832 813 0.0197
813 852 0.07464
852 813 0.07464
813 911 0.04995
911 813 0.04995
813 977 0.03595
977 813 0.03595
812 936 0.05002
936 812 0.05002
812 944 0.06268
944 812 0.06268
811 825 0.05537
825 811 0.05537
811 853 0.0398
853 811 0.0398
811 864 0.04856
864 811 0.04856
811 902 0.04888
902 811 0.04888
810 826 0.06315
826 810 0.06315
810 831 0.06072
831 810 0.06072
810 865 0.04423
865 810 0.04423
810 906 0.02941
906 810 0.02941
810 940 0.06801
940 810 0.06801
809 825 0.0656
825 809 0.0656
809 907 0.04336
907 809 0.04336
809 920 0.02856
920 809 0.02856
809 930 0.04272
930 809 0.04272
809 950 0.05998
950 809 0.05998
809 983 0.03253
983 809 0.03253
808 973 0.02055
973 808 0.02055
807 818 0.06756
818 807 0.06756
807 879 0.07083
879 807 0.07083
807 913 0.04886
913 807 0.04886
807 923 0.04892
923 807 0.04892
807 982 0.0727
982 807 0.0727
807 998 0.01676
998 807 0.01676
806 815 0.04254
815 806 0.04254
805 873 0.0477
873 805 0.0477
805 949 0.05106
949 805 0.05106
805 988 0.06532
988 805 0.06532
804 882 0.0701
882 804 0.0701
804 970 0.04701
970 804 0.04701
804 971 0.04201
971 804 0.04201
803 984 0.04903
984 803 0.04903
802 861 0.03185
861 802 0.03185
802 891 0.0647
891 802 0.0647
802 908 0.07395
908 802 0.07395
802 933 0.05301
933 802 0.05301
802 935 0.03616
935 802 0.03616
802 974 0.05818
974 802 0.05818
801 828 0.04595
828 801 0.04595
801 855 0.01693
855 801 0.01693
801 925 0.05634
925 801 0.05634
800 810 0.03319
810 800 0.03319
800 826 0.04149
826 800 0.04149
800 865 0.05685
865 800 0.05685
800 906 0.03718
906 800 0.03718
800 940 0.0357
940 800 0.0357
799 819 0.05168
819 799 0.05168
799 860 0.03802
860 799 0.03802
799 872 0.00824
872 799 0.00824
798 803 0.0476
803 798 0.0476
798 831 0.05217
831 798 0.05217
798 875 0.06422
875 798 0.06422
797 835 0.05698
835 797 0.05698
796 917 0.06779
917 796 0.06779
796 951 0.05019
951 796 0.05019
796 978 0.05807
978 796 0.05807
796 993 0.07146
993 796 0.07146
795 849 0.07418
849 795 0.07418
795 938 0.06707
938 795 0.06707
794 833 0.05167
833 794 0.05167
794 867 0.04735
867 794 0.04735
794 976 0.03493
976 794 0.03493
794 979 0.04567
979 794 0.04567
793 849 0.04852
849 793 0.04852
793 894 0.02626
894 793 0.02626
792 868 0.0469
868 792 0.0469
791 846 0.05458
846 791 0.05458
791 862 0.03531
862 791 0.03531
791 916 0.0642
916 791 0.0642
791 975 0.04779
975 791 0.04779
790 837 0.06684
837 790 0.06684
790 840 0.01003
840 790 0.01003
790 900 0.06032
900 790 0.06032
790 974 0.0423
974 790 0.0423
790 985 0.02287
985 790 0.02287
790 987 0.04317
987 790 0.04317
790 996 0.06611
996 790 0.06611
789 804 0.02928
804 789 0.02928
789 873 0.06988
873 789 0.06988
789 970 0.07373
970 789 0.07373
789 971 0.03216
971 789 0.03216
788 871 0.04439
871 788 0.04439
787 888 0.01898
888 787 0.01898
787 893 0.03585
893 787 0.03585
787 899 0.05483
899 787 0.05483
787 918 0.07486
918 787 0.07486
787 965 0.04885
965 787 0.04885
787 978 0.07171
978 787 0.07171
786 821 0.02927
821 786 0.02927
786 932 0.0523
932 786 0.0523
786 959 0.05687
959 786 0.05687
785 809 0.07481
809 785 0.07481
785 851 0.05672
851 785 0.05672
785 907 0.04794
907 785 0.04794
785 920 0.06186
920 785 0.06186
785 950 0.02072
950 785 0.02072
785 955 0.07207
955 785 0.07207
784 808 0.01378
808 784 0.01378
784 973 0.03186
973 784 0.03186
783 795 0.05188
795 783 0.05188
783 849 0.0478
849 783 0.0478
783 952 0.03947
952 783 0.03947
782 803 0.04819
803 782 0.04819
782 909 0.06675
909 782 0.06675
782 915 0.04711
915 782 0.04711
782 984 0.02798
984 782 0.02798
782 989 0.04285
989 782 0.04285
781 789 0.03882
789 781 0.03882
781 804 0.06547
804 781 0.06547
781 873 0.04756
873 781 0.04756
781 971 0.03679
971 781 0.03679
781 981 0.07081
981 781 0.07081
780 943 0.04688
943 780 0.04688
780 980 0.05227
980 780 0.05227
780 994 0.00532
994 780 0.00532
779 800 0.01555
800 779 0.01555
779 810 0.04523
810 779 0.04523
779 826 0.04947
826 779 0.04947
779 865 0.0568
865 779 0.0568
779 906 0.05273
906 779 0.05273
779 940 0.02329
940 779 0.02329
778 787 0.05991
787 778 0.05991
778 796 0.0561
796 778 0.0561
778 876 0.07386
876 778 0.07386
778 893 0.05966
893 778 0.05966
778 965 0.07137
965 778 0.07137
778 978 0.06209
978 778 0.06209
777 785 0.05087
785 777 0.05087
777 809 0.06678
809 777 0.06678
777 825 0.04307
825 777 0.04307
777 851 0.01698
851 777 0.01698
777 853 0.04714
853 777 0.04714
777 902 0.03776
902 777 0.03776
777 907 0.07213
907 777 0.07213
777 920 0.03915
920 777 0.03915
777 950 0.0579
950 777 0.0579
777 955 0.04885
955 777 0.04885
776 790 0.02137
790 776 0.02137
776 837 0.07444
837 776 0.07444
776 840 0.01685
840 776 0.01685
776 900 0.048
900 776 0.048
776 967 0.06666
967 776 0.06666
776 974 0.06057
974 776 0.06057
776 985 0.01631
985 776 0.01631
776 987 0.05255
987 776 0.05255
776 996 0.06132
996 776 0.06132
774 791 0.05886
791 774 0.05886
774 846 0.04764
846 774 0.04764
774 916 0.03557
916 774 0.03557
772 812 0.04471
812 772 0.04471
772 933 0.06779
933 772 0.06779
771 937 0.06957
937 771 0.06957
770 819 0.05751
819 770 0.05751
770 872 0.07412
872 770 0.07412
770 881 0.03854
881 770 0.03854
770 963 0.05518
963 770 0.05518
769 782 0.02741
782 769 0.02741
769 803 0.065
803 769 0.065
769 909 0.04048
909 769 0.04048
769 915 0.05048
915 769 0.05048
769 984 0.05515
984 769 0.05515
769 989 0.03282
989 769 0.03282
768 861 0.05435
861 768 0.05435
768 908 0.07467
908 768 0.07467
768 923 0.06792
923 768 0.06792
768 933 0.06413
933 768 0.06413
768 935 0.05155
935 768 0.05155
768 982 0.07011
982 768 0.07011
767 834 0.04075
834 767 0.04075
767 889 0.02784
889 767 0.02784
767 891 0.06306
891 767 0.06306
767 960 0.04502
960 767 0.04502
766 816 0.03521
816 766 0.03521
766 981 0.01596
981 766 0.01596
765 784 0.03675
784 765 0.03675
765 808 0.02523
808 765 0.02523
765 973 0.00489
973 765 0.00489
764 794 0.05711
794 764 0.05711
764 801 0.06138
801 764 0.06138
764 845 0.049
845 764 0.049
764 867 0.02545
867 764 0.02545
764 925 0.03525
925 764 0.03525
764 976 0.02232
976 764 0.02232
764 979 0.02967
979 764 0.02967
763 779 0.03898
779 763 0.03898
763 800 0.03893
800 763 0.03893
763 810 0.06941
810 763 0.06941
763 826 0.02323
826 763 0.02323
763 906 0.05806
906 763 0.05806
763 940 0.03165
940 763 0.03165
763 954 0.05797
954 763 0.05797
762 763 0.0743
763 762 0.0743
762 954 0.05106
954 762 0.05106
761 762 0.06923
762 761 0.06923
761 772 0.07119
772 761 0.07119
761 899 0.05001
899 761 0.05001
761 918 0.06783
918 761 0.06783
760 766 0.05475
766 760 0.05475
760 781 0.02415
781 760 0.02415
760 789 0.05976
789 760 0.05976
760 873 0.06032
873 760 0.06032
760 971 0.0606
971 760 0.0606
760 981 0.05329
981 760 0.05329
758 767 0.05035
767 758 0.05035
758 802 0.0648
802 758 0.0648
758 891 0.07304
891 758 0.07304
758 974 0.05225
974 758 0.05225
757 806 0.06751
806 757 0.06751
757 815 0.06723
815 757 0.06723
757 905 0.07496
905 757 0.07496
757 964 0.02984
964 757 0.02984
756 856 0.05581
856 756 0.05581
756 927 0.029
927 756 0.029
756 995 0.07282
995 756 0.07282
755 848 0.06709
848 755 0.06709
754 834 0.07446
834 754 0.07446
754 891 0.03915
891 754 0.03915
754 908 0.00895
908 754 0.00895
754 982 0.05199
982 754 0.05199
753 772 0.05892
772 753 0.05892
753 802 0.06002
802 753 0.06002
753 861 0.04651
861 753 0.04651
753 933 0.01379
933 753 0.01379
753 935 0.04271
935 753 0.04271
752 788 0.05605
788 752 0.05605
752 871 0.03825
871 752 0.03825
752 907 0.0579
907 752 0.0579
752 930 0.06124
930 752 0.06124
752 950 0.06871
950 752 0.06871
751 783 0.05254
783 751 0.05254
751 793 0.04353
793 751 0.04353
751 795 0.05747
795 751 0.05747
751 849 0.02578
849 751 0.02578
751 894 0.06638
894 751 0.06638
750 761 0.0157
761 750 0.0157
750 762 0.06766
762 750 0.06766
750 899 0.03522
899 750 0.03522
750 918 0.06279
918 750 0.06279
749 765 0.06651
765 749 0.06651
749 784 0.02999
784 749 0.02999
749 808 0.0419
808 749 0.0419
749 973 0.06165
973 749 0.06165
748 799 0.06255
799 748 0.06255
748 814 0.04401
814 748 0.04401
748 827 0.05246
827 748 0.05246
748 860 0.07304
860 748 0.07304
748 872 0.07079
872 748 0.07079
747 764 0.06379
764 747 0.06379
747 794 0.01093
794 747 0.01093
747 833 0.05809
833 747 0.05809
747 867 0.04993
867 747 0.04993
747 976 0.04237
976 747 0.04237
747 979 0.04739
979 747 0.04739
746 816 0.07397
816 746 0.07397
746 830 0.06607
830 746 0.06607
746 842 0.0703
842 746 0.0703
746 903 0.02088
903 746 0.02088
746 929 0.0731
929 746 0.0731
745 796 0.05478
796 745 0.05478
745 917 0.05976
917 745 0.05976
745 993 0.04489
993 745 0.04489
744 751 0.04093
751 744 0.04093
744 793 0.03379
793 744 0.03379
744 849 0.06121
849 744 0.06121
744 894 0.03918
894 744 0.03918
743 801 0.06813
801 743 0.06813
743 855 0.06823
855 743 0.06823
743 890 0.05849
890 743 0.05849
743 931 0.0333
931 743 0.0333
742 869 0.02569
869 742 0.02569
742 877 0.06676
877 742 0.06676
742 941 0.00727
941 742 0.00727
741 750 0.02577
750 741 0.02577
741 761 0.03081
761 741 0.03081
741 762 0.04198
762 741 0.04198
741 899 0.05046
899 741 0.05046
740 780 0.04111
780 740 0.04111
740 943 0.02589
943 740 0.02589
740 980 0.02179
980 740 0.02179
740 994 0.03733
994 740 0.03733
739 742 0.04227
742 739 0.04227
739 827 0.04945
827 739 0.04945
739 869 0.05102
869 739 0.05102
739 941 0.04717
941 739 0.04717
738 740 0.07018
740 738 0.07018
738 952 0.07337
952 738 0.07337
737 758 0.00898
758 737 0.00898
737 767 0.04162
767 737 0.04162
737 802 0.06715
802 737 0.06715
737 834 0.07322
834 737 0.07322
737 889 0.06908
889 737 0.06908
737 891 0.06708
891 737 0.06708
737 974 0.06075
974 737 0.06075
736 951 0.06595
951 736 0.06595
735 792 0.04852
792 735 0.04852
735 919 0.04472
919 735 0.04472
735 928 0.05291
928 735 0.05291
735 995 0.06209
995 735 0.06209
734 836 0.05766
836 734 0.05766
734 863 0.01518
863 734 0.01518
734 968 0.0141
968 734 0.0141
733 771 0.04671
771 733 0.04671
732 748 0.06793
748 732 0.06793
732 770 0.06495
770 732 0.06495
732 799 0.03302
799 732 0.03302
732 814 0.06109
814 732 0.06109
732 819 0.06503
819 732 0.06503
732 860 0.07095
860 732 0.07095
732 872 0.03481
872 732 0.03481
731 886 0.01236
886 731 0.01236
731 937 0.06293
937 731 0.06293
730 774 0.05466
774 730 0.05466
730 934 0.06798
934 730 0.06798
730 945 0.0715
945 730 0.0715
730 975 0.06714
975 730 0.06714
730 999 0.06102
999 730 0.06102
729 822 0.06288
822 729 0.06288
729 826 0.06398
826 729 0.06398
729 857 0.07151
857 729 0.07151
729 895 0.07196
895 729 0.07196
729 954 0.06236
954 729 0.06236
728 762 0.0662
762 728 0.0662
728 763 0.04297
763 728 0.04297
728 779 0.03786
779 728 0.03786
728 800 0.05152
800 728 0.05152
728 826 0.06501
826 728 0.06501
728 940 0.0162
940 728 0.0162
727 732 0.03648
732 727 0.03648
727 770 0.03213
770 727 0.03213
727 799 0.04783
799 727 0.04783
727 819 0.04085
819 727 0.04085
727 872 0.04253
872 727 0.04253
727 881 0.0602
881 727 0.0602
727 963 0.05716
963 727 0.05716
726 856 0.07438
856 726 0.07438
726 885 0.06398
885 726 0.06398
725 750 0.05769
750 725 0.05769
725 761 0.07052
761 725 0.07052
725 787 0.03859
787 725 0.03859
725 888 0.02003
888 725 0.02003
725 893 0.05663
893 725 0.05663
725 899 0.02573
899 725 0.02573
725 918 0.03997
918 725 0.03997
725 965 0.07077
965 725 0.07077
724 820 0.01077
820 724 0.01077
724 847 0.07453
847 724 0.07453
724 882 0.06229
882 724 0.06229
724 905 0.04087
905 724 0.04087
724 924 0.02923
924 724 0.02923
724 947 0.02968
947 724 0.02968
724 949 0.06576
949 724 0.06576
724 988 0.05116
988 724 0.05116
724 991 0.01353
991 724 0.01353
723 740 0.07203
740 723 0.07203
723 765 0.04521
765 723 0.04521
723 784 0.06669
784 723 0.06669
723 808 0.05337
808 723 0.05337
723 850 0.05567
850 723 0.05567
723 943 0.0526
943 723 0.0526
723 973 0.04702
973 723 0.04702
723 980 0.05083
980 723 0.05083
722 788 0.04371
788 722 0.04371
722 842 0.06255
842 722 0.06255
722 931 0.06661
931 722 0.06661
720 798 0.06246
798 720 0.06246
720 803 0.0607
803 720 0.0607
720 897 0.0524
897 720 0.0524
720 984 0.0526
984 720 0.0526
719 753 0.05185
753 719 0.05185
719 768 0.04135
768 719 0.04135
719 772 0.0654
772 719 0.0654
719 812 0.04882
812 719 0.04882
719 861 0.05998
861 719 0.05998
719 933 0.04492
933 719 0.04492
719 935 0.0548
935 719 0.0548
719 936 0.07471
936 719 0.07471
718 759 0.02019
759 718 0.02019
718 780 0.07116
780 718 0.07116
717 812 0.07025
812 717 0.07025
717 918 0.05586
918 717 0.05586
717 936 0.04582
936 717 0.04582
717 944 0.04624
944 717 0.04624
717 946 0.06861
946 717 0.06861
716 939 0.02871
939 716 0.02871
716 962 0.05478
962 716 0.05478
716 992 0.02364
992 716 0.02364
715 721 0.04604
721 715 0.04604
715 806 0.06019
806 715 0.06019
714 726 0.04145
726 714 0.04145
714 972 0.0473
972 714 0.0473
713 745 0.06072
745 713 0.06072
713 866 0.04509
866 713 0.04509
713 917 0.01883
917 713 0.01883
713 951 0.06934
951 713 0.06934
712 734 0.06334
734 712 0.06334
712 828 0.07116
828 712 0.07116
712 836 0.00757
836 712 0.00757
712 863 0.0664
863 712 0.0664
712 968 0.06746
968 712 0.06746
711 786 0.07443
786 711 0.07443
711 818 0.04993
818 711 0.04993
711 821 0.04559
821 711 0.04559
711 913 0.05282
913 711 0.05282
711 932 0.04018
932 711 0.04018
711 936 0.07487
936 711 0.07487
711 944 0.06303
944 711 0.06303
711 946 0.03974
946 711 0.03974
710 712 0.03779
712 710 0.03779
710 836 0.03413
836 710 0.03413
710 863 0.07156
863 710 0.07156
709 745 0.04019
745 709 0.04019
709 796 0.05222
796 709 0.05222
709 859 0.05254
859 709 0.05254
709 978 0.04214
978 709 0.04214
709 993 0.02
993 709 0.02
708 729 0.04424
729 708 0.04424
708 763 0.03709
763 708 0.03709
708 779 0.06898
779 708 0.06898
708 800 0.06115
800 708 0.06115
708 826 0.01974
826 708 0.01974
708 906 0.05591
906 708 0.05591
708 940 0.06829
940 708 0.06829
708 954 0.05699
954 708 0.05699
707 767 0.04878
767 707 0.04878
707 834 0.05198
834 707 0.05198
707 889 0.02755
889 707 0.02755
707 948 0.06759
948 707 0.06759
707 960 0.04362
960 707 0.04362
707 999 0.06684
999 707 0.06684
706 720 0.05844
720 706 0.05844
706 769 0.0583
769 706 0.0583
706 782 0.03327
782 706 0.03327
706 803 0.06161
803 706 0.06161
706 897 0.04335
897 706 0.04335
706 915 0.04586
915 706 0.04586
706 984 0.01262
984 706 0.01262
706 989 0.05764
989 706 0.05764
705 724 0.03215
724 705 0.03215
705 820 0.02229
820 705 0.02229
705 905 0.01174
905 705 0.01174
705 924 0.05843
924 705 0.05843
705 947 0.04726
947 705 0.04726
705 949 0.04997
949 705 0.04997
705 988 0.03935
988 705 0.03935
705 991 0.04199
991 705 0.04199
704 748 0.06998
748 704 0.06998
704 799 0.05474
799 704 0.05474
704 860 0.02139
860 704 0.02139
704 872 0.05767
872 704 0.05767
704 892 0.04967
892 704 0.04967
703 776 0.01987
776 703 0.01987
703 790 0.0325
790 703 0.0325
703 837 0.06134
837 703 0.06134
703 840 0.0229
840 703 0.0229
703 900 0.06461
900 703 0.06461
703 974 0.07479
974 703 0.07479
703 985 0.01014
985 703 0.01014
703 987 0.04293
987 703 0.04293
702 707 0.04485
707 702 0.04485
702 737 0.04935
737 702 0.04935
702 758 0.05647
758 702 0.05647
702 767 0.02162
767 702 0.02162
702 834 0.05846
834 702 0.05846
702 889 0.03665
889 702 0.03665
702 960 0.05936
960 702 0.05936
701 817 0.03133
817 701 0.03133
701 847 0.05517
847 701 0.05517
701 919 0.03786
919 701 0.03786
701 928 0.03212
928 701 0.03212
701 947 0.05311
947 701 0.05311
701 953 0.07309
953 701 0.07309
701 991 0.07029
991 701 0.07029
701 995 0.07025
995 701 0.07025
700 744 0.04232
744 700 0.04232
700 751 0.03982
751 700 0.03982
700 793 0.01228
793 700 0.01228
700 849 0.03874
849 700 0.03874
700 894 0.03759
894 700 0.03759
699 735 0.05696
735 699 0.05696
699 756 0.04935
756 699 0.04935
699 792 0.03252
792 699 0.03252
699 868 0.05501
868 699 0.05501
698 747 0.03649
747 698 0.03649
698 764 0.05642
764 698 0.05642
698 794 0.02597
794 698 0.02597
698 833 0.03589
833 698 0.03589
698 843 0.06208
843 698 0.06208
698 867 0.05834
867 698 0.05834
698 976 0.03656
976 698 0.03656
698 979 0.05857
979 698 0.05857
697 722 0.0469
722 697 0.0469
697 746 0.0713
746 697 0.0713
697 830 0.03757
830 697 0.03757
697 842 0.01585
842 697 0.01585
697 931 0.04473
931 697 0.04473
697 997 0.06293
997 697 0.06293
696 797 0.06794
797 696 0.06794
696 835 0.04857
835 696 0.04857
695 706 0.05397
706 695 0.05397
695 720 0.04583
720 695 0.04583
695 897 0.01459
897 695 0.01459
695 984 0.05846
984 695 0.05846
693 824 0.05783
824 693 0.05783
693 844 0.01188
844 693 0.01188
693 864 0.05533
864 693 0.05533
693 877 0.01581
877 693 0.01581
692 706 0.02573
706 692 0.02573
692 720 0.07025
720 692 0.07025
692 769 0.03515
769 692 0.03515
692 782 0.00798
782 692 0.00798
692 803 0.04746
803 692 0.04746
692 897 0.06862
897 692 0.06862
692 909 0.07471
909 692 0.07471
692 915 0.0469
915 692 0.0469
692 984 0.02004
984 692 0.02004
692 989 0.04669
989 692 0.04669
691 701 0.05677
701 691 0.05677
691 817 0.02886
817 691 0.02886
691 847 0.02629
847 691 0.02629
691 919 0.07284
919 691 0.07284
691 953 0.05896
953 691 0.05896
690 734 0.0324
734 690 0.0324
690 863 0.04562
863 690 0.04562
690 962 0.07337
962 690 0.07337
690 968 0.0197
968 690 0.0197
690 992 0.06467
992 690 0.06467
689 958 0.01876
958 689 0.01876
688 690 0.03419
690 688 0.03419
688 734 0.02318
734 688 0.02318
688 863 0.02313
863 688 0.02313
688 968 0.02784
968 688 0.02784
687 747 0.06969
747 687 0.06969
687 764 0.02792
764 687 0.02792
687 794 0.06712
794 687 0.06712
687 845 0.02113
845 687 0.02113
687 867 0.01985
867 687 0.01985
687 925 0.03321
925 687 0.03321
687 976 0.03958
976 687 0.03958
687 979 0.02242
979 687 0.02242
686 700 0.0366
700 686 0.0366
686 744 0.0726
744 686 0.0726
686 751 0.04607
751 686 0.04607
686 783 0.06611
783 686 0.06611
686 793 0.04882
793 686 0.04882
686 849 0.02321
849 686 0.02321
686 894 0.07378
894 686 0.07378
685 713 0.02121
713 685 0.02121
685 745 0.05983
745 685 0.05983
685 796 0.06598
796 685 0.06598
685 866 0.0322
866 685 0.0322
685 917 0.00238
917 685 0.00238
685 951 0.04815
951 685 0.04815
684 746 0.04527
746 684 0.04527
684 830 0.06846
830 684 0.06846
684 903 0.03443
903 684 0.03443
684 929 0.03707
929 684 0.03707
683 692 0.04877
692 683 0.04877
683 695 0.03708
695 683 0.03708
683 706 0.02318
706 683 0.02318
683 720 0.05976
720 683 0.05976
683 782 0.05607
782 683 0.05607
683 897 0.02355
897 683 0.02355
683 915 0.05328
915 683 0.05328
683 984 0.03371
984 683 0.03371
683 989 0.07179
989 683 0.07179
682 730 0.05866
730 682 0.05866
682 813 0.0222
813 682 0.0222
682 832 0.02144
832 682 0.02144
682 911 0.05729
911 682 0.05729
682 977 0.04418
977 682 0.04418
681 854 0.04265
854 681 0.04265
681 878 0.05428
878 681 0.05428
681 883 0.06175
883 681 0.06175
681 896 0.06986
896 681 0.06986
680 843 0.06414
843 680 0.06414
680 874 0.06982
874 680 0.06982
679 719 0.05657
719 679 0.05657
679 753 0.03696
753 679 0.03696
679 768 0.05793
768 679 0.05793
679 802 0.03326
802 679 0.03326
679 861 0.00968
861 679 0.00968
679 933 0.02502
933 679 0.02502
679 935 0.00755
935 679 0.00755
678 804 0.0643
804 678 0.0643
678 851 0.06806
851 678 0.06806
678 955 0.03897
955 678 0.03897
677 701 0.05957
701 677 0.05957
677 735 0.02359
735 677 0.02359
677 792 0.06615
792 677 0.06615
677 919 0.04056
919 677 0.04056
677 928 0.03191
928 677 0.03191
677 995 0.07107
995 677 0.07107
676 704 0.06384
704 676 0.06384
676 841 0.06577
841 676 0.06577
676 884 0.07132
884 676 0.07132
676 892 0.01433
892 676 0.01433
676 927 0.06757
927 676 0.06757
676 953 0.0614
953 676 0.0614
675 883 0.06983
883 675 0.06983
675 896 0.06721
896 675 0.06721
675 898 0.02401
898 675 0.02401
675 914 0.06242
914 675 0.06242
675 934 0.02031
934 675 0.02031
675 945 0.03101
945 675 0.03101
675 948 0.00895
948 675 0.00895
675 975 0.05863
975 675 0.05863
675 999 0.03548
999 675 0.03548
674 755 0.0575
755 674 0.0575
674 775 0.04756
775 674 0.04756
674 848 0.05792
848 674 0.05792
673 777 0.05188
777 673 0.05188
673 785 0.05306
785 673 0.05306
673 809 0.02177
809 673 0.02177
673 825 0.06449
825 673 0.06449
673 851 0.06834
851 673 0.06834
673 902 0.07154
902 673 0.07154
673 907 0.02983
907 673 0.02983
673 920 0.02239
920 673 0.02239
673 930 0.04644
930 673 0.04644
673 950 0.03929
950 673 0.03929
673 983 0.05021
983 673 0.05021
672 705 0.05711
705 672 0.05711
672 724 0.02513
724 672 0.02513
672 820 0.03577
820 672 0.03577
672 847 0.05273
847 672 0.05273
672 882 0.05764
882 672 0.05764
672 905 0.06597
905 672 0.06597
672 924 0.02098
924 672 0.02098
672 947 0.03222
947 672 0.03222
672 988 0.07197
988 672 0.07197
672 991 0.01763
991 672 0.01763
671 852 0.06226
852 671 0.06226
671 870 0.06549
870 671 0.06549
671 922 0.04352
922 671 0.04352
671 990 0.04525
990 671 0.04525
669 729 0.06553
729 669 0.06553
669 822 0.04519
822 669 0.04519
669 895 0.05596
895 669 0.05596
669 966 0.04237
966 669 0.04237
668 690 0.06121
690 668 0.06121
668 716 0.03044
716 668 0.03044
668 939 0.01885
939 668 0.01885
668 962 0.06039
962 668 0.06039
668 992 0.02247
992 668 0.02247
667 792 0.07078
792 667 0.07078
667 852 0.06005
852 667 0.06005
667 868 0.03883
868 667 0.03883
667 922 0.07113
922 667 0.07113
667 986 0.06833
986 667 0.06833
667 990 0.05405
990 667 0.05405
666 680 0.07029
680 666 0.07029
666 698 0.04978
698 666 0.04978
666 747 0.07325
747 666 0.07325
666 794 0.06693
794 666 0.06693
666 833 0.01527
833 666 0.01527
666 843 0.01286
843 666 0.01286
665 909 0.07145
909 665 0.07145
665 915 0.074
915 665 0.074
665 929 0.06668
929 665 0.06668
665 989 0.05801
989 665 0.05801
664 838 0.05534
838 664 0.05534
664 890 0.0337
890 664 0.0337
664 962 0.06061
962 664 0.06061
664 997 0.05808
997 664 0.05808
663 696 0.0182
696 663 0.0182
663 835 0.06672
835 663 0.06672
662 736 0.0471
736 662 0.0471
662 765 0.06771
765 662 0.06771
662 866 0.0657
866 662 0.0657
662 951 0.0703
951 662 0.0703
662 973 0.07109
973 662 0.07109
661 717 0.04919
717 661 0.04919
661 829 0.067
829 661 0.067
661 956 0.03227
956 661 0.03227
660 697 0.05493
697 660 0.05493
660 722 0.01631
722 660 0.01631
660 788 0.02895
788 660 0.02895
660 842 0.07073
842 660 0.07073
660 871 0.07333
871 660 0.07333
659 721 0.03711
721 659 0.03711
659 865 0.04973
865 659 0.04973
658 754 0.07429
754 658 0.07429
658 854 0.06765
854 658 0.06765
658 879 0.02142
879 658 0.02142
658 921 0.03299
921 658 0.03299
658 923 0.06862
923 658 0.06862
658 982 0.05247
982 658 0.05247
657 791 0.03902
791 657 0.03902
657 862 0.05523
862 657 0.05523
657 898 0.0656
898 657 0.0656
657 914 0.06196
914 657 0.06196
657 934 0.06883
934 657 0.06883
657 945 0.04598
945 657 0.04598
657 975 0.02202
975 657 0.02202
656 739 0.02002
739 656 0.02002
656 742 0.0227
742 656 0.0227
656 827 0.06325
827 656 0.06325
656 869 0.03318
869 656 0.03318
656 877 0.07213
877 656 0.07213
656 941 0.02842
941 656 0.02842
655 677 0.04233
677 655 0.04233
655 735 0.06293
735 655 0.06293
655 928 0.04429
928 655 0.04429
654 823 0.07418
823 654 0.07418
654 880 0.01654
880 654 0.01654
654 942 0.06094
942 654 0.06094
652 666 0.06809
666 652 0.06809
652 680 0.0196
680 652 0.0196
652 833 0.07369
833 652 0.07369
652 843 0.06548
843 652 0.06548
651 720 0.03977
720 651 0.03977
651 798 0.02281
798 651 0.02281
651 803 0.04142
803 651 0.04142
651 831 0.07001
831 651 0.07001
651 984 0.06776
984 651 0.06776
650 661 0.03569
661 650 0.03569
650 717 0.01729
717 650 0.01729
650 918 0.07061
918 650 0.07061
650 936 0.04841
936 650 0.04841
650 944 0.04415
944 650 0.04415
650 946 0.06152
946 650 0.06152
650 956 0.06685
956 650 0.06685
649 726 0.0586
726 649 0.0586
649 856 0.06672
856 649 0.06672
649 885 0.00957
885 649 0.00957
649 912 0.05928
912 649 0.05928
649 926 0.03707
926 649 0.03707
649 961 0.05456
961 649 0.05456
648 683 0.05737
683 648 0.05737
648 695 0.05349
695 648 0.05349
648 897 0.04763
897 648 0.04763
647 669 0.05698
669 647 0.05698
647 938 0.02537
938 647 0.02537
647 966 0.07465
966 647 0.07465
646 718 0.07273
718 646 0.07273
646 749 0.01279
749 646 0.01279
646 759 0.06882
759 646 0.06882
646 784 0.04081
784 646 0.04081
646 808 0.05115
808 646 0.05115
646 973 0.07153
973 646 0.07153
645 700 0.06239
700 645 0.06239
645 744 0.04821
744 645 0.04821
645 775 0.06337
775 645 0.06337
645 793 0.05038
793 645 0.05038
645 894 0.02568
894 645 0.02568
644 673 0.02405
673 644 0.02405
644 777 0.04919
777 644 0.04919
644 785 0.02997
785 644 0.02997
644 809 0.04543
809 644 0.04543
644 851 0.06256
851 644 0.06256
644 907 0.02399
907 644 0.02399
644 920 0.03907
920 644 0.03907
644 930 0.05533
930 644 0.05533
644 950 0.01575
950 644 0.01575
644 983 0.06983
983 644 0.06983
643 692 0.03426
692 643 0.03426
643 706 0.05999
706 643 0.05999
643 769 0.0204
769 643 0.0204
643 782 0.02702
782 643 0.02702
643 803 0.04732
803 643 0.04732
643 909 0.04583
909 643 0.04583
643 915 0.0663
915 643 0.0663
643 984 0.0527
984 643 0.0527
643 989 0.05223
989 643 0.05223
642 703 0.06993
703 642 0.06993
642 776 0.05464
776 642 0.05464
642 790 0.06839
790 642 0.06839
642 840 0.06965
840 642 0.06965
642 870 0.07442
870 642 0.07442
642 900 0.00887
900 642 0.00887
642 910 0.03025
910 642 0.03025
642 967 0.0167
967 642 0.0167
642 969 0.07483
969 642 0.07483
642 985 0.0705
985 642 0.0705
642 996 0.02935
996 642 0.02935
641 674 0.04343
674 641 0.04343
641 848 0.05147
848 641 0.05147
640 751 0.06986
751 640 0.06986
640 783 0.07158
783 640 0.07158
640 795 0.0197
795 640 0.0197
640 886 0.06322
886 640 0.06322
640 938 0.05124
938 640 0.05124
639 783 0.03244
783 639 0.03244
639 795 0.06591
795 639 0.06591
639 850 0.06813
850 639 0.06813
639 952 0.02188
952 639 0.02188
638 689 0.02869
689 638 0.02869
638 958 0.03023
958 638 0.03023
637 725 0.0146
725 637 0.0146
637 750 0.06813
750 637 0.06813
637 787 0.04163
787 637 0.04163
637 888 0.02338
888 637 0.02338
637 893 0.04921
893 637 0.04921
637 899 0.0393
899 637 0.0393
637 918 0.03332
918 637 0.03332
636 646 0.03319
646 636 0.03319
636 749 0.02512
749 636 0.02512
636 784 0.04224
784 636 0.04224
636 808 0.05602
808 636 0.05602
636 973 0.07216
973 636 0.07216
635 702 0.03277
702 635 0.03277
635 707 0.07491
707 635 0.07491
635 737 0.01703
737 635 0.01703
635 758 0.02371
758 635 0.02371
635 767 0.02967
767 635 0.02967
635 834 0.0673
834 635 0.0673
635 889 0.05739
889 635 0.05739
635 891 0.07269
891 635 0.07269
635 960 0.07364
960 635 0.07364
634 710 0.02361
710 634 0.02361
634 712 0.05232
712 634 0.05232
634 734 0.06759
734 634 0.06759
634 836 0.04605
836 634 0.04605
634 863 0.05853
863 634 0.05853
633 711 0.07461
711 633 0.07461
633 719 0.07412
719 633 0.07412
633 768 0.05661
768 633 0.05661
633 807 0.07044
807 633 0.07044
633 818 0.02621
818 633 0.02621
633 913 0.05391
913 633 0.05391
633 923 0.06061
923 633 0.06061
633 936 0.07099
936 633 0.07099
633 944 0.07002
944 633 0.07002
633 946 0.05607
946 633 0.05607
633 998 0.05954
998 633 0.05954
632 663 0.05115
663 632 0.05115
632 696 0.03523
696 632 0.03523
632 797 0.03511
797 632 0.03511
632 835 0.03167
835 632 0.03167
631 668 0.06872
668 631 0.06872
631 716 0.07176
716 631 0.07176
631 858 0.05441
858 631 0.05441
631 939 0.05095
939 631 0.05095
630 741 0.06754
741 630 0.06754
630 750 0.05259
750 630 0.05259
630 761 0.03847
761 630 0.03847
630 772 0.03281
772 630 0.03281
630 812 0.06102
812 630 0.06102
630 918 0.07468
918 630 0.07468
629 642 0.07199
642 629 0.07199
629 870 0.03298
870 629 0.03298
629 910 0.04255
910 629 0.04255
629 922 0.06769
922 629 0.06769
629 967 0.06725
967 629 0.06725
629 969 0.03915
969 629 0.03915
629 996 0.06996
996 629 0.06996
628 672 0.06704
672 628 0.06704
628 724 0.07169
724 628 0.07169
628 804 0.06111
804 628 0.06111
628 820 0.07435
820 628 0.07435
628 882 0.00958
882 628 0.00958
